[359   1 355 352 353   2 356   5   0   4 354  10   3   9 358   6 351   8
 348 357   7  12 349 350 347  11 346 345  13 344  14 343  15  16 342 341
  17  18 340 339  19 338  20  21 337  22 336 335  23 334  24 333  25 332
  26 331  27 330  28 329  29 328  72  30  73 327  74  31 326  75  32 256
 243 242 241 240 239 238 237 236 235 234 233 244 232 246 257 247 248 249
 250 251 252 259 258 253 254 255 245 231 206 229 201 202 203 204 205 260
 207 208 209 210 211 212 213 230 214 216 217 218 219 220 221 222 223 224
 225 226 227 228 215 261 291 263 297 298 299 300 301 302 303 304 305 306
 307 308 309 310 311 312 313 314 315 316 317 318 319 320 321 322 323 324
 325 296 262 295 293 264 265 266 267 268 269 270 271 272 273 274 275 276
 277 278 279 280 281 282 283 284 285 286 287 288 289 290 200 292 294 199
 184 197  93  92  91  90  89  88  87  94  86  84  83  82  81  80  79  78
  85  77  95  97 113 112 111 110 109 108 107  96 106 104 103 102 101 100
  99  98 105  76  71  70  48  47  46  45  44  43  42  49  41  39  38  37
  36  35  34  33  40  50  51  52  69  68  67  66  65  64  63  62  61  60
  59  58  57  56  55  54  53 114 198 115 117 174 173 172 171 170 169 168
 175 167 165 164 163 162 161 160 159 166 158 176 178 196 195 194 193 192
 191 190 177 189 187 186 185 183 182 181 180 188 157 156 155 133 132 131
 130 129 128 127 134 126 124 123 122 121 120 119 118 125 135 136 137 154
 153 152 151 150 149 148 147 146 145 144 143 142 141 140 139 138 116 179]
 
(1.6813477277755737, 1.665847897529602, 1.6763975620269775, 1.6882379055023193, 1.6814459562301636, 1.679763913154602, 1.690859317779541, 1.7065688371658325, 1.6920582056045532, 1.6902786493301392, 1.682645559310913, 1.7201296091079712, 1.706737995147705, 2.103940725326538, 2.111403465270996, 2.1300315856933594, 2.140047788619995, 2.177488327026367, 2.1996238231658936, 2.224763870239258, 2.2655436992645264, 2.267181158065796, 2.307415723800659, 2.354546308517456, 2.386666774749756, 2.4149651527404785, 2.4502041339874268, 2.4928293228149414, 2.6365418434143066, 2.7900967597961426, 2.9645657539367676, 3.1790692806243896, 3.424774169921875, inf, inf, inf, inf, inf, inf, inf, inf, inf, inf, inf, inf, inf, inf, inf, inf, inf, inf, inf, inf, inf, inf, inf, inf, inf, inf, inf, inf, inf, inf, inf, inf, inf, inf, inf, inf, inf, inf, inf, 2.9613611698150635, 2.9666876792907715, 3.1568775177001953, 3.3587234020233154, inf, inf, inf, inf, inf, inf, inf, inf, inf, inf, inf, inf, inf, inf, inf, inf, inf, inf, inf, inf, inf, inf, inf, inf, inf, inf, inf, inf, inf, inf, inf, inf, inf, inf, inf, inf, inf, inf, inf, inf, inf, inf, inf, inf, inf, inf, inf, inf, inf, inf, inf, inf, inf, inf, inf, inf, inf, inf, inf, inf, inf, inf, inf, inf, inf, inf, inf, inf, inf, inf, inf, inf, inf, inf, inf, inf, inf, inf, inf, inf, inf, inf, inf, inf, inf, inf, inf, inf, inf, inf, inf, inf, inf, inf, inf, inf, inf, inf, inf, inf, inf, inf, inf, inf, inf, inf, inf, inf, inf, inf, inf, inf, inf, inf, inf, inf, inf, inf, inf, inf, inf, inf, inf, inf, inf, inf, inf, inf, inf, inf, inf, inf, inf, inf, inf, inf, inf, inf, inf, inf, inf, inf, inf, inf, inf, inf, inf, inf, inf, inf, inf, inf, inf, inf, inf, inf, inf, inf, inf, inf, inf, inf, inf, inf, inf, inf, inf, inf, inf, inf, inf, inf, inf, inf, inf, inf, inf, inf, inf, inf, inf, inf, inf, inf, inf, inf, inf, inf, inf, inf, inf, inf, inf, inf, inf, inf, inf, inf, inf, inf, inf, inf, inf, inf, inf, inf, inf, inf, inf, inf, inf, inf, inf, inf, inf, inf, inf, inf, inf, inf, inf, inf, inf, inf, inf, inf, inf, inf, inf, inf, inf, inf, inf, inf, inf, inf, inf, inf, inf, inf, inf, inf, inf, inf, inf, inf, inf, inf, inf, inf, 3.309218406677246, 3.0578792095184326, 2.8399126529693604, 2.6416940689086914, 2.51790189743042, 2.4840824604034424, 2.447722911834717, 2.395596504211426, 2.368906259536743, 2.3488502502441406, 2.320756435394287, 2.277635097503662, 2.2508697509765625, 2.20792818069458, 2.200984477996826, 2.1733245849609375, 2.147028684616089, 2.113701581954956, 2.1045868396759033, 2.0803041458129883, 2.060706853866577, 1.7189431190490723, 1.695497751235962, 1.7091352939605713, 1.7132503986358643, 1.6913046836853027, 1.6741840839385986, 1.6748521327972412, 1.681817889213562, 1.6710190773010254, 1.6771653890609741, 1.7042841911315918, 1.6905158758163452, 1.66376531124115)